structure(list(month = structure(c(1104537600, 1107216000, 1109635200, 
1112313600, 1114905600, 1117584000, 1120176000, 1122854400, 1125532800, 
1128124800, 1130803200, 1133395200, 1136073600, 1138752000, 1141171200, 
1143849600, 1146441600, 1149120000, 1151712000, 1154390400, 1157068800, 
1159660800, 1162339200, 1164931200, 1167609600, 1170288000, 1172707200, 
1175385600, 1177977600, 1180656000, 1183248000, 1185926400, 1188604800, 
1191196800, 1193875200, 1196467200, 1199145600, 1201824000, 1204329600, 
1207008000, 1209600000, 1212278400, 1214870400, 1217548800, 1220227200, 
1222819200, 1225497600, 1228089600, 1230768000, 1233446400, 1235865600, 
1238544000, 1241136000, 1243814400, 1246406400, 1249084800, 1251763200, 
1254355200, 1257033600, 1259625600, 1262304000, 1264982400, 1267401600, 
1270080000, 1272672000, 1275350400, 1277942400, 1280620800, 1283299200, 
1285891200, 1288569600, 1291161600, 1293840000, 1296518400, 1298937600, 
1301616000, 1304208000, 1306886400, 1309478400, 1312156800, 1314835200, 
1317427200, 1320105600, 1322697600, 1325376000, 1328054400, 1330560000, 
1333238400, 1335830400, 1338508800, 1341100800, 1343779200, 1346457600, 
1349049600, 1351728000, 1354320000, 1356998400, 1359676800, 1362096000, 
1364774400, 1367366400, 1370044800, 1372636800, 1375315200, 1377993600, 
1380585600, 1383264000, 1385856000, 1388534400, 1391212800, 1393632000, 
1396310400, 1398902400, 1401580800, 1404172800, 1406851200, 1409529600, 
1412121600, 1414800000, 1417392000, 1420070400, 1422748800, 1425168000, 
1427846400, 1430438400, 1433116800, 1435708800, 1438387200, 1441065600, 
1443657600, 1446336000, 1448928000, 1451606400, 1454284800, 1456790400, 
1459468800, 1462060800, 1464739200, 1467331200, 1470009600, 1472688000, 
1475280000, 1477958400, 1480550400, 1483228800, 1485907200, 1488326400, 
1491004800, 1493596800, 1496275200, 1498867200, 1501545600, 1504224000, 
1506816000, 1509494400, 1512086400, 1514764800, 1517443200, 1519862400, 
1522540800, 1525132800, 1527811200, 1530403200, 1533081600, 1535760000, 
1538352000, 1541030400, 1543622400, 1546300800, 1548979200, 1551398400, 
1554076800, 1556668800, 1559347200, 1561939200, 1564617600, 1567296000, 
1569888000, 1572566400, 1575158400, 1577836800, 1580515200, 1583020800, 
1585699200, 1588291200, 1590969600, 1593561600, 1596240000, 1598918400, 
1601510400, 1604188800, 1606780800), tzone = "UTC", class = c("POSIXct", 
"POSIXt")), total_waste = c(39364.78, 35995.81, 42255.18, 43110.89, 
42126.92, 46182.22, 43836.65, 45418.5, 42170.3, 43578.9, 42739.49, 
42880.39, 41342.3, 35291.62, 40784.94, 40030.77, 44926.93, 45150.16, 
44155.53, 43908.1, 42995.95, 42369.32, 43039.89, 41051.63, 41766.94, 
34369.67, 40861.08, 40623.42, 44616.37, 43751.64, 44297.7, 43936.36, 
39725.12, 42779.95, 41173.97, 42830.03, 44700.63, 40212.49, 41120.78, 
42336.38, 43687.08, 42427.7, 44574.73, 41129.64, 42316.66, 42719.25, 
40476.22, 46101.77, 40317.94, 35721.41, 39794.71, 40795.09, 41871.44, 
45448.47, 44336.01, 42675.24, 41952.6, 41734.54, 40713.74, 44209, 
39722.82, 33613.37, 46476.6, 41146.84, 39808.01, 44825.08, 42540.07, 
41673.94, 41285.1, 41400.08, 43688.63, 32906.47, 45366.58, 39308.41, 
44186.77, 41732.91, 43211.47, 45032.03, 40833.48, 45409.97, 42695.87, 
41669.78, 42945.92, 43707.51, 41091.66, 38615.94, 40783.8, 38475.72, 
42717.94, 41236.54, 40738.09, 41099.33, 38075.2, 40132.24, 44689.82, 
41955.22, 41052.23, 35240.5, 39066.53, 41033.8, 42544.77, 40645.73, 
42661.58, 40167.14, 38049.26, 39133.23, 38464, 40619.12, 37661.71, 
33287.28, 38491.7, 40077.63, 41883.69, 40008.11, 42818.23, 39025.61, 
39371.47, 39225.7, 36966.84, 42817.71, 36045.1, 31561.06, 38525.13, 
38427.43, 39152.95, 42318.44, 41364.72, 39031.24, 39640.29, 39045.85, 
38697.4, 42698.6, 35584.57, 37205.19, 40058.59, 38481.25, 39682.96, 
43390.52, 40886.1, 42433.54, 39969.9, 39584.65, 41126.66, 42039.38, 
39987.43, 35032, 39204.66, 39712.74, 44001.15, 42820.35, 41640.55, 
42255.16, 39698.32, 39654.79, 40776.62, 39047.82, 39981.45, 35245.99, 
39294.94, 38615.37, 43064.88, 42172.59, 42273.94, 43023.97, 39536.75, 
41773.57, 41484.97, 40463.96, 40242.9, 34874.46, 38969.33, 41015.22, 
42647.99, 41240.6, 44032.73, 42181.92, 39001.81, 41466.98, 38256.09, 
40908.94, 40072.21, 35589.09, 39566.22, 40013.38, 46887.23, 50628.61, 
50417.81, 48567.02, 47269.08, 46511.15, 44564.81, 46255.13), 
    month_num = 1:192, diff1 = c(NA, -3368.97, 6259.37, 855.709999999999, 
    -983.970000000001, 4055.3, -2345.57, 1581.85, -3248.2, 1408.6, 
    -839.410000000003, 140.900000000001, -1538.09, -6050.68, 
    5493.32, -754.169999999998, 4896.16, 223.230000000003, -994.630000000005, 
    -247.43, -912.150000000001, -626.629999999997, 670.57, -1988.25999999999, 
    715.309999999998, -7397.27, 6491.41, -237.660000000003, 3992.95, 
    -864.730000000003, 546.060000000005, -361.340000000004, -4211.24, 
    3054.83, -1605.98, 1656.06, 1870.60000000001, -4488.14000000001, 
    908.290000000001, 1215.6, 1350.7, -1259.38, 2147.03, -3445.09, 
    1187.02, 402.589999999997, -2243.03, 5625.55, -5783.82999999999, 
    -4596.53, 4073.3, 1000.38, 1076.35, 3577.03, -1112.46, -1660.77, 
    -722.640000000007, -218.059999999998, -1020.8, 3495.26, -4486.18, 
    -6109.45, 12863.23, -5329.75999999999, -1338.83, 5017.07, 
    -2285.01, -866.129999999997, -388.840000000004, 114.980000000003, 
    2288.55, -10782.16, 12460.11, -6058.17, 4878.35999999999, 
    -2453.85999999999, 1478.56, 1820.56, -4198.55, 4576.49, -2714.1, 
    -1026.09, 1276.14, 761.590000000004, -2615.85, -2475.72, 
    2167.86, -2308.08, 4242.22, -1481.4, -498.449999999997, 361.239999999998, 
    -3024.13, 2057.03999999999, 4557.58, -2734.6, -902.989999999998, 
    -5811.73, 3826.03, 1967.27, 1510.97, -1899.04, 2015.85, -2494.44, 
    -2117.88, 1083.96999999999, -669.229999999996, 2155.12, -2957.41, 
    -4374.43, 5204.42, 1585.93, 1806.06, -1875.58, 2810.12, -3792.62, 
    345.860000000001, -145.769999999997, -2258.86, 5850.87, -6772.61, 
    -4484.04, 6964.07, -97.7000000000044, 725.519999999997, 3165.49000000001, 
    -953.720000000001, -2333.48, 609.049999999996, -594.440000000002, 
    -348.449999999997, 4001.2, -7114.03, 1620.62, 2853.4, -1577.34, 
    1201.71, 3707.56, -2504.42000000001, 1547.44, -2463.64, -385.25, 
    1542.01, 912.720000000001, -2051.95, -4955.43, 4172.66, 508.079999999994, 
    4288.41, -1180.8, -1179.8, 614.609999999993, -2556.84, -43.5299999999988, 
    1121.83, -1728.8, 933.630000000005, -4735.46000000001, 4048.95, 
    -679.57, 4449.50999999999, -892.289999999994, 101.349999999999, 
    750.029999999999, -3487.22, 2236.82, -288.599999999999, -1021.01, 
    -221.059999999998, -5368.44, 4094.87, 2045.89, 1632.77, -1407.39000000001, 
    2792.13, -1850.81, -3180.10999999999, 2465.17, -3210.89000000001, 
    2652.85000000001, -836.730000000003, -4483.12, 3977.13, 447.159999999996, 
    6873.85000000001, 3741.38, -210.799999999996, -1850.79, -1297.94, 
    -757.93, -1946.34, 1690.32000000001)), class = c("tbl_ts", 
"tbl_df", "tbl", "data.frame"), row.names = c(NA, -192L), key = structure(list(
    .rows = structure(list(1:192), ptype = integer(0), class = c("vctrs_list_of", 
    "vctrs_vctr", "list"))), class = c("tbl_df", "tbl", "data.frame"
), row.names = c(NA, -1L)), index = structure("month_num", ordered = TRUE), index2 = "month_num", interval = structure(list(
    year = 0, quarter = 0, month = 0, week = 0, day = 0, hour = 0, 
    minute = 0, second = 0, millisecond = 0, microsecond = 0, 
    nanosecond = 0, unit = 1), .regular = TRUE, class = c("interval", 
"vctrs_rcrd", "vctrs_vctr")))
